Rank,Stars For Next Rank
0,3
1,3
2,3
3,3
4,3
5,3
6,4
7,4
8,4
9,4
10,4
11,5
12,5
13,5
14,5
15,5
16,6
17,6
18,6
19,6
20,6
21,7
22,7
23,7
24,7
25,7
26,8
27,8
28,8
29,8
30,8
31,8
32,8
33,8
34,8
35,8
36,9
37,9
38,9
39,9
40,9
41,9
42,9
43,9
44,9
45,10
46,10
47,10
48,10
49,10
50,10
51,10
52,10
53,10
54,10
55,10
56,10
57,10
58,10
59,10
60,10
61,10
62,10
63,10
64,10
65,10
66,10
67,10
68,10
69,10
70,10
71,10
72,10
73,10
74,10
75,10
76,10
77,10
78,10
79,10
80,10
81,10
82,10
83,10
84,10
85,10
86,10
87,10
88,10
89,10
90,10
91,10
92,10
93,10
94,10
95,10
96,10
97,10
98,10
99,10